20130923182042
20131021190044
20131107000917
20131118232818
20131121211455
20131125153220
20131210202928
20131213173452
20131216214850
20140106184152
20140115160139
20140115160609
20140121213913
20140201040548
20140207203449
20140210175651
20140211141513
20140214191729
20140218232357
20140228153536
20140301034340
20140306150006
20140306153718
20140306154541
20140306154747
20140402134329
20140409134713
20140410132430
20140415212812
20140421150958
20140421192753
20140424173120
20140428145436
20140428155842
20140428162159
20140519211930
20140520202225
20140522201901
20140611194007
20140612181021
20140612212226
20140613041358
20140620201430
20140627175339
20140715200621
20140821203124
20140903194919
20140903195524
20140905020643
20140908201058
20140908211826
20140917145331
20140918131740
20140918140859
20140918154013
20140922163020
20141002214356
20141015170920
20141020195642
20141021103820
20141026111520
20141029000000
20141029005602
20141029005620
20141029165319
20141117082419
20141121200053
20141121200153
20141121200523
20141126161823
20141202111010
20141208194307
20141219222843
20150109142457
20150111161446
20150111161504
20150128161824
20150128195918
20150131104420
20150202212058
20150202215346
20150202215414
20150202215435
20150206150955
20150213135315
20150224102026
20150224164512
20150224192447
20150224192716
20150224192816
20150224193752
20150225160000
20150227181349
20150311181430
20150311182221
20150312081342
20150313110200
20150316175916
20150319115040
20150323003436
20150323004436
20150323172109
20150324111111
20150324143511
20150324164033
20150326015341
20150326130147
20150326154800
20150330214408
20150331104323
20150401090146
20150402115247
20150402133252
20150402182026
20150405141637
20150406141646
20150407144345
20150409145038
20150409145147
20150409145739
20150414094834
20150414183946
20150414201314
20150414204018
20150415131224
20150417125852
20150417162811
20150417210709
20150420201056
20150422162729
20150426135513
20150429214648
20150501193927
20150503094838
20150504111111
20150505160516
20150507102612
20150514124529
20150519123317
20150521104843
20150521132514
20150521204814
20150522161336
20150526080322
20150528113122
20150604154825
20150610155632
20150610172646
20150611083448
20150611094050
20150625220141
20150630025128
20150630100251
20150701142710
20150701191241
20150708120923
20150710081302
20150710110003
20150710110243
20150710110244
20150710110707
20150710110708
20150710120646
20150714042229
20150714053019
20150714143821
20150716021334
20150719123908
20150724030353
20150726144643
20150730135121
20150731025210
20150804194147
20150806190149
20150806190349
20150806194147
20150806211453
20150807165254
20150810015500
20150813115025
20150814210507
20150815051916
20150815052719
20150817213409
20150818181426
20150818181427
20150818184658
20150819121823
20150819125202
20150819144149
20150819154348
20150820110215
20150822102141
20150823120001
20150824120000
20150824130000
20150825120000
20150827120000
20150831123700
20150903073337
20150903162623
20150904132351
20150904181202
20150906123643
20150906123956
20150906234626
20150906234635
20150907095639
20150907120454
20150907163347
20150907234623
20150909023532
20150910153517
20150911152048
20150914202922
20150914203523
20150915000737
20150915001329
20150921204114
20150924195523
20150930083543
20150930201117
20151001110220
20151001193521
20151005082821
20151008114043
20151008114125
20151009174934
20151012072007
20151013104702
20151018090641
20151019184531
20151019194111
20151020222634
20151021093644
20151021095831
20151021104529
20151021143818
20151021151216
20151021174044
20151021174140
20151022141745
20151026170631
20151026220722
20151030201919
20151104115400
20151104120951
20151106164333
20151109203749
20151111165020
20151119202643
20151125081618
20151125155213
20151204143045
20151208150956
20151209141840
20151210154747
20151216095054
20151221134925
20151222103510
20151222103721
20151222105242
20151222152212
20160105170524
20160106214719
20160108214044
20160110104053
20160114085140
20160114111114
20160114153948
20160115111829
20160115142023
20160119125950
20160120151045
20160120151642
20160126151325
20160127210622
20160127210623
20160127210624
20160127210625
20160127210705
20160202200713
20160203101130
20160203162135
20160209124055
20160209130938
20160211113430
20160214115800
20160219190002
20160220123313
20160222161500
20160223085416
20160224224115
20160225033835
20160226092911
20160226164206
20160301111647
20160301164102
20160302203922
20160302214232
20160303115326
20160307205816
20160308093819
20160308093916
20160308093935
20160308162644
20160308165211
20160308165331
20160309144534
20160309223941
20160310170333
20160311155237
20160311222150
20160311231152
20160317041206
20160317160230
20160317164141
20160317194215
20160318133352
20160322141934
20160322174516
20160322195653
20160322205357
20160323072209
20160324085532
20160324094427
20160324131349
20160324174132
20160324174218
20160328204930
20160329192055
20160329212403
20160331111338
20160331111827
20160404152107
20160405074214
20160405143543
20160405151142
20160406072945
20160406073037
20160406190650
20160406195810
20160408154738
20160412173518
20160413175651
20160413191759
20160413202128
20160414094300
20160414185708
20160414192525
20160415121724
20160417105237
20160418141210
20160418205109
20160419134542
20160424124613
20160424124654
20160424124710
20160424124736
20160425141742
